	window_size	corr	mean_step	median_step	mean_CpGs	median_CpGs	n	cov_nanop	cov_wgbs	cov_nanop-cov_wgbs
0	1.0	0.9148281723242456	4.533799173760051	1.0	1.6276434595041125	1.0	10986881.0	1	1	1-1
1	50.0	0.9243432490571926	17.106600766150848	12.0	2.0	2.0	7323362.0	1	1	1-1
2	100.0	0.933960348849861	45.97344539482419	49.0	3.0	3.0	4616751.0	1	1	1-1
3	500.0	0.9620758081563306	367.5644029368233	418.0	15.0	13.0	1166158.0	1	1	1-1
4	1000.0	0.971886710390613	812.4109739206921	906.0	29.0	26.0	609372.0	1	1	1-1
5	5000.0	0.983804232857701	4525.383446141052	4883.0	137.0	130.0	129867.0	1	1	1-1
6	10000.0	0.9852142658403518	9076.484380369016	9866.0	267.0	258.0	66935.0	1	1	1-1
7	50000.0	0.9529420328172308	35609.75126932512	49497.0	1020.0	1031.0	17529.0	1	1	1-1
8	100000.0	0.9213871221269077	53777.333161512026	51653.0	1536.0	1370.0	11640.0	1	1	1-1
9	500000.0	0.8715001219777123	85939.11616438357	13898.0	2449.0	359.0	7300.0	1	1	1-1
10	1000000.0	0.8674608707616349	89864.75780578631	12840.5	2561.0	321.0	6982.0	1	1	1-1
11	5000000.0	0.8670182048555103	90462.19997116494	12617.5	2578.0	317.0	6936.0	1	1	1-1
12	100000000.0	0.8670182048555103	90462.19997116494	12617.5	2578.0	317.0	6936.0	1	1	1-1
13	500000000.0	0.8670182048555103	90462.19997116494	12617.5	2578.0	317.0	6936.0	1	1	1-1
14	1.0	0.9420187627073722	4.562461717633037	1.0	1.624736256048079	1.0	7944258.0	5	10	5-10
15	50.0	0.9488933436439532	16.238548286010488	10.0	2.0	2.0	5434514.0	5	10	5-10
16	100.0	0.9556338695016414	42.49275420165153	43.0	3.0	3.0	3532599.0	5	10	5-10
17	500.0	0.9739634805760048	314.72467624254267	366.0	12.0	10.0	1010247.0	5	10	5-10
18	1000.0	0.9811355292830524	695.547194570783	812.0	23.0	19.0	559344.0	5	10	5-10
19	5000.0	0.992707243072223	4247.060588188411	4706.0	102.0	92.0	125470.0	5	10	5-10
20	10000.0	0.995320630173078	8825.08606544689	9657.0	199.0	185.0	64602.0	5	10	5-10
21	50000.0	0.9938582687957896	38041.32798136255	49048.5	812.0	819.0	15882.0	5	10	5-10
22	100000.0	0.9894732861940326	60659.77506234414	82632.0	1287.0	1306.0	10025.0	5	10	5-10
23	500000.0	0.9769398122069248	107023.25783850062	23607.0	2260.0	468.0	5709.0	5	10	5-10
24	1000000.0	0.9752688101535448	113349.6003338279	20365.0	2393.0	394.0	5392.0	5	10	5-10
25	5000000.0	0.975063006185489	114330.4025439581	19899.5	2414.0	383.0	5346.0	5	10	5-10
26	100000000.0	0.975063006185489	114330.4025439581	19899.5	2414.0	383.0	5346.0	5	10	5-10
27	500000000.0	0.975063006185489	114330.4025439581	19899.5	2414.0	383.0	5346.0	5	10	5-10
28	1.0	0.9442917537039706	4.845665652687046	1.0	1.6685906158204566	1.0	6316695.0	10	1	10-1
29	50.0	0.9482988323622528	14.351411057506766	6.0	2.0	2.0	4651157.0	10	1	10-1
30	100.0	0.9527653556744528	36.03168397256457	30.0	3.0	2.0	3222986.0	10	1	10-1
31	500.0	0.9698779761259072	305.367466720828	356.0	10.0	8.0	965018.0	10	1	10-1
32	1000.0	0.977665728782831	699.1595676424553	818.0	19.0	15.0	528359.0	10	1	10-1
33	5000.0	0.9908853340402666	4120.403780733907	4691.0	86.0	72.0	121405.0	10	1	10-1
34	10000.0	0.9943242598649604	8548.820768586289	9609.0	166.0	143.0	63259.0	10	1	10-1
35	50000.0	0.9935424349672388	38214.69357560026	48608.0	683.0	659.0	15410.0	10	1	10-1
36	100000.0	0.9891173319319844	62013.53504843245	87482.0	1097.0	1095.0	9601.0	10	1	10-1
37	500000.0	0.9744711945761813	113108.22756410256	28465.5	1987.0	549.0	5304.0	10	1	10-1
38	1000000.0	0.9722814171241048	120332.80553327988	23472.0	2113.0	458.0	4988.0	10	1	10-1
39	5000000.0	0.9720223367897508	121461.12990692028	22736.5	2132.0	450.0	4942.0	10	1	10-1
40	100000000.0	0.9720223367897508	121461.12990692028	22736.5	2132.0	450.0	4942.0	10	1	10-1
41	500000000.0	0.9720223367897508	121461.12990692028	22736.5	2132.0	450.0	4942.0	10	1	10-1
42	1.0	0.9378430168260096	4.493033465075406	1.0	1.6164217833769046	1.0	8137618.0	q95	10	q95-10
43	50.0	0.9457944708999492	16.483271319436966	11.0	2.0	2.0	5507099.0	q95	10	q95-10
44	100.0	0.9533551100046572	43.30919129779573	45.0	3.0	3.0	3551468.0	q95	10	q95-10
45	500.0	0.9727764225497184	316.5974220335508	368.0	13.0	10.0	1009633.0	q95	10	q95-10
46	1000.0	0.98008937864157	698.1122943335422	815.0	23.0	19.0	558550.0	q95	10	q95-10
47	5000.0	0.9912920196795848	4244.624118454223	4713.0	104.0	95.0	125348.0	q95	10	q95-10
48	10000.0	0.9935172028761732	8801.370263292158	9665.0	203.0	190.0	64681.0	q95	10	q95-10
49	50000.0	0.9874307281163665	37652.631906808696	49076.0	819.0	833.0	16053.0	q95	10	q95-10
50	100000.0	0.9769601660495658	59682.23351648352	79232.5	1290.0	1301.0	10192.0	q95	10	q95-10
51	500000.0	0.9516831634999388	104090.73684210528	21677.0	2240.0	339.0	5871.0	q95	10	q95-10
52	1000000.0	0.9486225297506942	110045.49216921692	18499.0	2367.0	279.0	5555.0	q95	10	q95-10
53	5000000.0	0.9482565654100596	110970.57941550192	18028.0	2387.0	272.0	5509.0	q95	10	q95-10
54	100000000.0	0.9482565654100596	110970.57941550192	18028.0	2387.0	272.0	5509.0	q95	10	q95-10
55	500000000.0	0.9482565654100596	110970.57941550192	18028.0	2387.0	272.0	5509.0	q95	10	q95-10
56	1.0	0.9529296383200324	4.816225650525047	1.0	1.6620639565557471	1.0	5923177.0	10	5	10-5
57	50.0	0.9565885529558064	14.257028362590509	6.0	2.0	2.0	4367020.0	10	5	10-5
58	100.0	0.960588262156154	35.69280573382016	29.0	3.0	2.0	3034347.0	10	5	10-5
59	500.0	0.974851458591138	294.93032310840204	342.0	10.0	8.0	931514.0	10	5	10-5
60	1000.0	0.981269869964178	673.2383235800411	791.0	19.0	14.0	517603.0	10	5	10-5
61	5000.0	0.9921612798751638	4039.843328565168	4624.0	81.0	67.0	120941.0	10	5	10-5
62	10000.0	0.9949965913496116	8448.314892538685	9527.0	155.0	134.0	63139.0	10	5	10-5
63	50000.0	0.9943462411106176	38117.03464863811	48422.0	639.0	620.0	15383.0	10	5	10-5
64	100000.0	0.9908962377818392	61980.78968253968	87608.5	1028.0	1029.0	9576.0	10	5	10-5
65	500000.0	0.9790426780508756	113310.81465354032	28784.5	1863.0	502.0	5282.0	10	5	10-5
66	1000000.0	0.9772645234608704	120588.2064035441	23567.0	1982.0	424.0	4966.0	10	5	10-5
67	5000000.0	0.9770486028758096	121724.44674796748	23004.5	2000.0	410.0	4920.0	10	5	10-5
68	100000000.0	0.9770486028758096	121724.44674796748	23004.5	2000.0	410.0	4920.0	10	5	10-5
69	500000000.0	0.9770486028758096	121724.44674796748	23004.5	2000.0	410.0	4920.0	10	5	10-5
70	1.0	0.9388228196833674	4.53426954660187	1.0	1.6214818018319854	1.0	9360118.0	5	5	5-5
71	50.0	0.9457192387313778	16.41199903464309	10.0	2.0	2.0	6368629.0	5	5	5-5
72	100.0	0.9528035796936044	43.63331160723247	45.0	3.0	3.0	4094921.0	5	5	5-5
73	500.0	0.9741700550718232	344.72704023662567	398.0	13.0	11.0	1091344.0	5	5	5-5
74	1000.0	0.9819962279130198	766.170648528664	876.0	26.0	22.0	582056.0	5	5	5-5
75	5000.0	0.9930210116240912	4428.38911878488	4831.0	120.0	110.0	126144.0	5	5	5-5
76	10000.0	0.9951612474089758	9029.367455283424	9804.0	234.0	221.0	64797.0	5	5	5-5
77	50000.0	0.993514747651196	38186.7370500439	49381.5	951.0	971.0	15946.0	5	5	5-5
78	100000.0	0.9889485855268358	60652.22463552514	82099.0	1505.0	1548.0	10083.0	5	5	5-5
79	500000.0	0.9758089587927964	106558.0114623133	23468.5	2635.0	544.0	5758.0	5	5	5-5
80	1000000.0	0.9740734723758449	112810.59577205882	20420.5	2789.0	464.0	5440.0	5	5	5-5
81	5000000.0	0.9738631730138664	113775.2793845013	19900.0	2813.0	451.0	5394.0	5	5	5-5
82	100000000.0	0.9738631730138664	113775.2793845013	19900.0	2813.0	451.0	5394.0	5	5	5-5
83	500000000.0	0.9738631730138664	113775.2793845013	19900.0	2813.0	451.0	5394.0	5	5	5-5
84	1.0	0.9222975856293364	4.499549559934836	1.0	1.6219322649496404	1.0	10453111.0	q95	1	q95-1
85	50.0	0.9306425823640896	16.831829499990736	11.0	2.0	2.0	7016070.0	q95	1	q95-1
86	100.0	0.9393961176212866	45.19646631246195	48.0	3.0	3.0	4449969.0	q95	1	q95-1
87	500.0	0.9665715548939768	364.0693838028324	415.0	14.0	13.0	1133939.0	q95	1	q95-1
88	1000.0	0.9764495945331128	806.8098491548121	903.0	28.0	25.0	593655.0	q95	1	q95-1
89	5000.0	0.9896729238579742	4517.263609885469	4878.0	133.0	125.0	126691.0	q95	1	q95-1
90	10000.0	0.991352829382356	9104.316939555296	9861.0	260.0	250.0	65167.0	q95	1	q95-1
91	50000.0	0.9824326022167912	37753.489877545995	49590.0	1043.0	1069.0	16251.0	q95	1	q95-1
92	100000.0	0.9683817621885336	59329.49956626506	76109.0	1634.0	1660.0	10375.0	q95	1	q95-1
93	500000.0	0.9361220007393188	102109.69386066524	20917.0	2805.0	450.0	6043.0	q95	1	q95-1
94	1000000.0	0.9322704713726429	107779.31435557108	18032.0	2960.0	377.0	5726.0	q95	1	q95-1
95	5000000.0	0.9318209745913146	108655.03362676056	17586.5	2984.0	367.0	5680.0	q95	1	q95-1
96	100000000.0	0.9318209745913146	108655.03362676056	17586.5	2984.0	367.0	5680.0	q95	1	q95-1
97	500000000.0	0.9318209745913146	108655.03362676056	17586.5	2984.0	367.0	5680.0	q95	1	q95-1
98	1.0	0.9340696894209146	4.46192856299104	1.0	1.6129587234915272	1.0	9659223.0	q95	5	q95-5
99	50.0	0.9421784865317624	16.70772417857787	11.0	2.0	2.0	6491577.0	q95	5	q95-5
100	100.0	0.9502755151079924	44.670899398188226	47.0	3.0	3.0	4133186.0	q95	5	q95-5
101	500.0	0.973093090968602	348.30605772687585	402.0	14.0	12.0	1090376.0	q95	5	q95-5
102	1000.0	0.980989060319818	770.9295384228659	881.0	26.0	23.0	580813.0	q95	5	q95-5
103	5000.0	0.991531585109761	4423.383825162621	4839.0	123.0	115.0	126060.0	q95	5	q95-5
104	10000.0	0.9931329664573736	8995.792964839598	9813.0	239.0	229.0	64931.0	q95	5	q95-5
105	50000.0	0.9861160625594306	37711.543497091945	49409.0	963.0	992.0	16162.0	q95	5	q95-5
106	100000.0	0.974867685543052	59467.689109103274	77768.0	1513.0	1544.0	10293.0	q95	5	q95-5
107	500000.0	0.9480863890994982	102944.41156747694	21133.0	2611.0	411.0	5965.0	q95	5	q95-5
108	1000000.0	0.9449151267566976	108744.90527620396	18082.5	2758.0	342.0	5648.0	q95	5	q95-5
109	5000000.0	0.944538774434354	109641.70813995002	17689.5	2781.0	334.0	5602.0	q95	5	q95-5
110	100000000.0	0.944538774434354	109641.70813995002	17689.5	2781.0	334.0	5602.0	q95	5	q95-5
111	500000000.0	0.944538774434354	109641.70813995002	17689.5	2781.0	334.0	5602.0	q95	5	q95-5
112	1.0	0.9289637922321144	4.49243999942601	1.0	1.6177045422944485	1.0	10104695.0	1	5	1-5
113	50.0	0.9381431772962624	16.96530105880597	11.0	2.0	2.0	6746373.0	1	5	1-5
114	100.0	0.9470390691837094	45.39352112326503	48.0	3.0	3.0	4271049.0	1	5	1-5
115	500.0	0.9702458028834916	351.1606523195003	405.0	14.0	12.0	1118409.0	1	5	1-5
116	1000.0	0.9777979167507684	774.9001667053182	884.0	27.0	24.0	595062.0	1	5	1-5
117	5000.0	0.9866660473924684	4428.344301423578	4843.0	126.0	118.0	129041.0	1	5	1-5
118	10000.0	0.9874014682672304	8969.222709522379	9816.0	245.0	236.0	66580.0	1	5	1-5
119	50000.0	0.9592939106655892	35741.416666666664	49287.5	943.0	961.0	17328.0	1	5	1-5
120	100000.0	0.9309254643739572	54311.60435048484	54261.0	1428.0	1309.0	11447.0	1	5	1-5
121	500000.0	0.8840460627598654	87650.18372223784	14181.5	2297.0	326.0	7114.0	1	5	1-5
122	1000000.0	0.8801469875365144	91768.44496762802	13031.0	2405.0	289.0	6796.0	1	5	1-5
123	5000000.0	0.8797061044277217	92395.91688888888	12894.5	2421.0	283.0	6750.0	1	5	1-5
124	100000000.0	0.8797061044277217	92395.91688888888	12894.5	2421.0	283.0	6750.0	1	5	1-5
125	500000000.0	0.8797061044277217	92395.91688888888	12894.5	2421.0	283.0	6750.0	1	5	1-5
126	1.0	0.9149262502080562	4.519423394238498	1.0	1.6259521072153835	1.0	10932461.0	q99	1	q99-1
127	50.0	0.9244040995838048	17.075392755053283	11.0	2.0	2.0	7289467.0	q99	1	q99-1
128	100.0	0.9339885496624156	45.90687481904278	49.0	3.0	3.0	4597081.0	q99	1	q99-1
129	500.0	0.96195677136567	367.10969067340216	417.0	15.0	13.0	1162396.0	q99	1	q99-1
130	1000.0	0.9716827550209536	811.3292711622603	906.0	29.0	26.0	607721.0	q99	1	q99-1
131	5000.0	0.983490361736742	4517.65289663999	4882.0	137.0	129.0	129702.0	q99	1	q99-1
132	10000.0	0.9849747423116226	9064.976868673277	9865.0	265.0	257.0	66879.0	q99	1	q99-1
133	50000.0	0.9524485278385012	35595.09624935777	49494.0	1014.0	1026.0	17517.0	q99	1	q99-1
134	100000.0	0.9205520756224128	53775.461988304094	51854.0	1528.0	1368.0	11628.0	q99	1	q99-1
135	500000.0	0.8701416826933708	85993.47214599341	13761.0	2439.0	328.0	7288.0	q99	1	q99-1
136	1000000.0	0.8660652483097153	89915.39506527041	12654.0	2549.0	294.0	6971.0	q99	1	q99-1
137	5000000.0	0.8656191513792804	90514.12259927798	12497.0	2566.0	286.0	6925.0	q99	1	q99-1
138	100000000.0	0.8656191513792804	90514.12259927798	12497.0	2566.0	286.0	6925.0	q99	1	q99-1
139	500000000.0	0.8656191513792804	90514.12259927798	12497.0	2566.0	286.0	6925.0	q99	1	q99-1
140	1.0	0.9289863984347884	4.477427536195848	1.0	1.6159117514543486	1.0	10054330.0	q99	5	q99-5
141	50.0	0.9381463538178538	16.934048612877532	11.0	2.0	2.0	6714764.0	q99	5	q99-5
142	100.0	0.9470287609729642	45.329420219341635	48.0	3.0	3.0	4252453.0	q99	5	q99-5
143	500.0	0.9701902182388052	350.7755564208898	405.0	14.0	12.0	1114534.0	q99	5	q99-5
144	1000.0	0.9777025645344016	774.001109125847	884.0	27.0	24.0	593260.0	q99	5	q99-5
145	5000.0	0.9864717532327888	4420.768088607399	4842.0	126.0	118.0	128838.0	q99	5	q99-5
146	10000.0	0.9872101643778408	8956.27690827357	9815.0	244.0	235.0	66513.0	q99	5	q99-5
147	50000.0	0.958710136054156	35724.7192860856	49285.0	938.0	957.0	17313.0	q99	5	q99-5
148	100000.0	0.930047747519611	54312.31866689993	54382.5	1421.0	1309.0	11432.0	q99	5	q99-5
149	500000.0	0.8826111337903166	87726.49288632201	14072.0	2288.0	294.0	7099.0	q99	5	q99-5
150	1000000.0	0.8786700294741446	91843.83972279564	12915.0	2395.0	257.0	6782.0	q99	5	q99-5
151	5000000.0	0.8782254611982174	92473.13064133016	12785.0	2411.0	254.0	6736.0	q99	5	q99-5
152	100000000.0	0.8782254611982174	92473.13064133016	12785.0	2411.0	254.0	6736.0	q99	5	q99-5
153	500000000.0	0.8782254611982174	92473.13064133016	12785.0	2411.0	254.0	6736.0	q99	5	q99-5
154	1.0	0.9361788630246606	4.445831640940122	1.0	1.6099629327956977	1.0	9227564.0	q90	5	q90-5
155	50.0	0.9435980002457544	16.33661293011111	10.0	2.0	2.0	6269165.0	q90	5	q90-5
156	100.0	0.9511672369219252	43.5589490575159	45.0	3.0	3.0	4029564.0	q90	5	q90-5
157	500.0	0.973191603363	343.71169956551955	398.0	13.0	11.0	1076228.0	q90	5	q90-5
158	1000.0	0.981069966700472	763.8680911343765	875.0	25.0	22.0	574624.0	q90	5	q90-5
159	5000.0	0.9918362012927536	4404.83529985451	4829.0	118.0	110.0	125094.0	q90	5	q90-5
160	10000.0	0.9936602201229968	8975.293368296921	9802.0	230.0	219.0	64448.0	q90	5	q90-5
161	50000.0	0.9892285282091088	38095.02661381653	49394.0	934.0	958.0	15894.0	q90	5	q90-5
162	100000.0	0.9803554895081716	60616.1418036871	82865.0	1480.0	1536.0	10035.0	q90	5	q90-5
163	500000.0	0.9572254711610564	106879.66976011208	23767.0	2601.0	432.0	5711.0	q90	5	q90-5
164	1000000.0	0.9543560513787124	113187.23748609566	20015.5	2754.0	343.0	5394.0	q90	5	q90-5
165	5000000.0	0.954006050697241	114165.51084517576	19331.0	2777.0	331.0	5348.0	q90	5	q90-5
166	100000000.0	0.954006050697241	114165.51084517576	19331.0	2777.0	331.0	5348.0	q90	5	q90-5
167	500000000.0	0.954006050697241	114165.51084517576	19331.0	2777.0	331.0	5348.0	q90	5	q90-5
168	1.0	0.925136200064575	4.48167059911295	1.0	1.6185082901480057	1.0	9965383.0	q90	1	q90-1
169	50.0	0.9327354766605098	16.44945754214114	10.0	2.0	2.0	6763106.0	q90	1	q90-1
170	100.0	0.9408565898601068	44.039900389273214	46.0	3.0	3.0	4331662.0	q90	1	q90-1
171	500.0	0.966846462346956	358.912335183745	410.0	14.0	12.0	1118670.0	q90	1	q90-1
172	1000.0	0.9765986992511102	798.780833163022	897.0	27.0	24.0	587160.0	q90	1	q90-1
173	5000.0	0.9896549301471476	4495.478989725482	4869.0	128.0	119.0	125748.0	q90	1	q90-1
174	10000.0	0.9918772609106862	9076.48920618732	9851.0	249.0	237.0	64713.0	q90	1	q90-1
175	50000.0	0.9858292958650487	38089.20663791487	49569.0	1008.0	1029.0	15999.0	q90	1	q90-1
176	100000.0	0.974540121349328	60369.042937518505	81255.0	1592.0	1646.0	10131.0	q90	1	q90-1
177	500000.0	0.945719293876634	105676.75857315182	22757.0	2779.0	456.0	5803.0	q90	1	q90-1
178	1000000.0	0.9420690358931566	111802.67608457892	19398.0	2940.0	380.0	5486.0	q90	1	q90-1
179	5000000.0	0.9416307662885398	112751.74356617648	18822.0	2964.0	369.0	5440.0	q90	1	q90-1
180	100000000.0	0.9416307662885398	112751.74356617648	18822.0	2964.0	369.0	5440.0	q90	1	q90-1
181	500000000.0	0.9416307662885398	112751.74356617648	18822.0	2964.0	369.0	5440.0	q90	1	q90-1
182	1.0	0.9280303202006636	4.568532853738512	1.0	1.6294031851322963	1.0	10089628.0	5	1	5-1
183	50.0	0.9351852568929176	16.52030245854749	10.0	2.0	2.0	6857667.0	5	1	5-1
184	100.0	0.9428661631685992	44.09656859766539	46.0	3.0	3.0	4394151.0	5	1	5-1
185	500.0	0.9683543592005704	359.7139561279481	411.0	14.0	12.0	1133022.0	5	1	5-1
186	1000.0	0.9782422510770824	801.121567722916	897.0	27.0	24.0	593957.0	5	1	5-1
187	5000.0	0.9919588868567024	4521.7955734311045	4870.0	129.0	120.0	126554.0	5	1	5-1
188	10000.0	0.9945564475555072	9139.304339788325	9852.0	253.0	239.0	64911.0	5	1	5-1
189	50000.0	0.9923293108742848	38274.9899906162	49559.0	1028.0	1044.0	15985.0	5	1	5-1
190	100000.0	0.9875591427584656	60683.792704626336	81859.5	1625.0	1666.0	10116.0	5	1	5-1
191	500000.0	0.97390009000488	106347.11232071884	23493.0	2840.0	604.0	5787.0	5	1	5-1
192	1000000.0	0.9720178300427844	112548.51471932713	20295.0	3006.0	518.0	5469.0	5	1	5-1
193	5000000.0	0.9717937430304722	113505.11488106214	19905.0	3031.0	505.0	5423.0	5	1	5-1
194	100000000.0	0.9717937430304722	113505.11488106214	19905.0	3031.0	505.0	5423.0	5	1	5-1
195	500000000.0	0.9717937430304722	113505.11488106214	19905.0	3031.0	505.0	5423.0	5	1	5-1
196	1.0	0.9553486070710508	4.846102769049321	1.0	1.6659161793296493	1.0	5141548.0	10	10	10-10
197	50.0	0.9590441266372008	14.177625481427244	6.0	2.0	2.0	3802236.0	10	10	10-10
198	100.0	0.9629065254451512	35.07175388826536	28.0	3.0	2.0	2659605.0	10	10	10-10
199	500.0	0.9753347204661356	273.7234138920181	310.0	9.0	7.0	861070.0	10	10	10-10
200	1000.0	0.9811148356058148	618.4779046567899	720.0	17.0	13.0	494697.0	10	10	10-10
201	5000.0	0.9920190103076574	3873.457806804627	4456.0	71.0	57.0	119889.0	10	10	10-10
202	10000.0	0.9950453796836736	8242.02832410413	9322.0	136.0	115.0	62844.0	10	10	10-10
203	50000.0	0.994425508602331	37946.782174338885	48016.0	559.0	535.0	15315.0	10	10	10-10
204	100000.0	0.9908793506151894	61984.58764186633	87638.5	900.0	887.0	9516.0	10	10	10-10
205	500000.0	0.9788256995953656	114011.00440022958	29219.0	1638.0	448.0	5227.0	10	10	10-10
206	1000000.0	0.9770324806873214	121433.6695174099	23831.0	1744.0	380.0	4911.0	10	10	10-10
207	5000000.0	0.9768103061856253	122594.17677286742	23186.0	1760.0	371.0	4865.0	10	10	10-10
208	100000000.0	0.9768103061856253	122594.17677286742	23186.0	1760.0	371.0	4865.0	10	10	10-10
209	500000000.0	0.9768103061856253	122594.17677286742	23186.0	1760.0	371.0	4865.0	10	10	10-10
210	1.0	0.933822101960319	4.520347605717702	1.0	1.6203243117968016	1.0	8474314.0	1	10	1-10
211	50.0	0.942686882961686	16.702145798425125	11.0	2.0	2.0	5703052.0	1	10	1-10
212	100.0	0.9508633497410924	43.90978177959619	46.0	3.0	3.0	3660336.0	1	10	1-10
213	500.0	0.9705651905919548	319.087874217171	371.0	13.0	11.0	1033591.0	1	10	1-10
214	1000.0	0.977668954935061	701.804479282138	819.0	24.0	20.0	571029.0	1	10	1-10
215	5000.0	0.9871197715501592	4251.952627301429	4718.0	107.0	97.0	127964.0	1	10	1-10
216	10000.0	0.987935496195144	8782.796231037977	9668.0	207.0	196.0	66119.0	1	10	1-10
217	50000.0	0.96029053303235	35972.23349568687	48936.0	805.0	813.0	17041.0	1	10	1-10
218	100000.0	0.9312040480964	55229.76981639051	58839.0	1229.0	1137.0	11165.0	1	10	1-10
219	500000.0	0.8814001143129058	90563.71867232052	14914.0	2007.0	288.0	6839.0	1	10	1-10
220	1000000.0	0.8769867518379871	94992.3135541245	13546.5	2105.0	255.0	6522.0	1	10	1-10
221	5000000.0	0.8764752547665929	95671.40827671402	13366.0	2120.0	251.0	6476.0	1	10	1-10
222	100000000.0	0.8764752547665929	95671.40827671402	13366.0	2120.0	251.0	6476.0	1	10	1-10
223	500000000.0	0.8764752547665929	95671.40827671402	13366.0	2120.0	251.0	6476.0	1	10	1-10
224	1.0	0.9338382887921208	4.504695702870623	1.0	1.618462890077657	1.0	8432071.0	q99	10	q99-10
225	50.0	0.9426849845176232	16.66885580209558	11.0	2.0	2.0	5676518.0	q99	10	q99-10
226	100.0	0.9508485231513764	43.841740386836776	45.0	3.0	3.0	3644638.0	q99	10	q99-10
227	500.0	0.9705167628838868	318.6976837196389	371.0	13.0	11.0	1030143.0	q99	10	q99-10
228	1000.0	0.9776050266331264	700.970618402796	819.0	23.0	20.0	569370.0	q99	10	q99-10
229	5000.0	0.9870006813686616	4245.186278960551	4717.0	106.0	97.0	127760.0	q99	10	q99-10
230	10000.0	0.9877869838602118	8770.585080773366	9667.0	206.0	195.0	66049.0	q99	10	q99-10
231	50000.0	0.959879887195561	35958.74389097744	48934.0	801.0	810.0	17024.0	q99	10	q99-10
232	100000.0	0.9304667282860284	55234.696654408464	59146.0	1224.0	1135.0	11149.0	q99	10	q99-10
233	500000.0	0.8801484107144012	90659.5273340173	14843.0	2000.0	259.0	6823.0	q99	10	q99-10
234	1000000.0	0.8756880470022298	95089.00491778084	13426.0	2097.0	229.0	6507.0	q99	10	q99-10
235	5000000.0	0.8751731286566061	95770.36464943508	13243.0	2112.0	225.0	6461.0	q99	10	q99-10
236	100000000.0	0.8751731286566061	95770.36464943508	13243.0	2112.0	225.0	6461.0	q99	10	q99-10
237	500000000.0	0.8751731286566061	95770.36464943508	13243.0	2112.0	225.0	6461.0	q99	10	q99-10
238	1.0	0.9396197996794547	4.473966627605662	1.0	1.6130463582378216	1.0	7773311.0	q90	10	q90-10
239	50.0	0.9469561885234437	16.124966960735716	10.0	2.0	2.0	5315645.0	q90	10	q90-10
240	100.0	0.9540860137466114	42.26550463235205	43.0	3.0	3.0	3458934.0	q90	10	q90-10
241	500.0	0.9729462759193344	312.58501853529447	363.0	12.0	10.0	994589.0	q90	10	q90-10
242	1000.0	0.9802366362191506	691.6348095953709	808.0	22.0	18.0	551641.0	q90	10	q90-10
243	5000.0	0.9915954776588894	4224.038213946602	4699.0	100.0	91.0	124274.0	q90	10	q90-10
244	10000.0	0.9939750413748238	8772.555069031072	9650.0	195.0	182.0	64174.0	q90	10	q90-10
245	50000.0	0.9896043427436184	38003.6236620432	49064.0	794.0	806.0	15789.0	q90	10	q90-10
246	100000.0	0.9809608049185684	60800.5775384925	84222.0	1261.0	1291.0	9937.0	q90	10	q90-10
247	500000.0	0.958324712881863	107997.50924937744	24384.5	2230.0	361.0	5622.0	q90	10	q90-10
248	1000000.0	0.9554841652343524	114467.06502073124	20757.0	2363.0	277.0	5306.0	q90	10	q90-10
249	5000000.0	0.9551360484428824	115475.44619771864	19968.0	2383.0	269.0	5260.0	q90	10	q90-10
250	100000000.0	0.9551360484428824	115475.44619771864	19968.0	2383.0	269.0	5260.0	q90	10	q90-10
251	500000000.0	0.9551360484428824	115475.44619771864	19968.0	2383.0	269.0	5260.0	q90	10	q90-10
