#window_size = genomic window size (bp)
#corr = Pearson's correlation (r) between WGBS and Nanopore data
#mean_step = mean distance between first and last CpG in window (bp)
#median_step = mean distance between first and last CpG in window (bp)
#mean_CpGs = mean number of CpGs in windows
#median_CpGs = median number of CpGs in windows
#n = windows count
#cov_nanop = coverage threshold for Nanopore data (q95: 95% interpercentile, min and max threshold applied)
#cov_wgbs = coverage threshold for WBGS data (q95: 95% interpercentile, min and max threshold applied)
#cov_nanop-cov_wgbs = coverage thresholds for Nanopore and WGBS
#
	window_size	corr	mean_step	median_step	mean_CpGs	median_CpGs	n	cov_nanop	cov_wgbs	cov_nanop-cov_wgbs
0	1.0	0.9654550854567376	1.0	1.0	1.0	1.0	14346633.0	q95	10	q95-10
1	50.0	0.9694563845310616	17.092603807494303	13.0	2.0	2.0	6423332.0	q95	10	q95-10
2	100.0	0.973824718556756	45.795746700489225	49.0	3.0	3.0	4003245.0	q95	10	q95-10
3	500.0	0.984956362059176	342.00342344657594	398.0	13.0	11.0	1066177.0	q95	10	q95-10
4	1000.0	0.9888221343607464	751.7414043558231	869.0	24.0	21.0	574128.0	q95	10	q95-10
5	5000.0	0.9946973768203498	4363.510003014389	4810.0	113.0	106.0	126062.0	q95	10	q95-10
6	10000.0	0.995886397745177	8925.343297129319	9780.0	220.0	213.0	65002.0	q95	10	q95-10
7	50000.0	0.9922749478944346	37351.51061610211	49284.0	880.0	914.0	16296.0	q95	10	q95-10
8	100000.0	0.986040325423498	58618.55658840441	74286.0	1374.0	1401.0	10435.0	q95	10	q95-10
9	500000.0	0.9722046051814646	100358.4639529181	19212.0	2345.0	342.0	6117.0	q95	10	q95-10
10	1000000.0	0.9707987641127896	105850.04619893122	16590.0	2473.0	292.0	5801.0	q95	10	q95-10
11	5000000.0	0.9706361527170057	106699.82102519547	16306.0	2492.0	286.0	5755.0	q95	10	q95-10
12	100000000.0	0.9706361527170057	106699.82102519547	16306.0	2492.0	286.0	5755.0	q95	10	q95-10
13	500000000.0	0.9706361527170057	106699.82102519547	16306.0	2492.0	286.0	5755.0	q95	10	q95-10
14	1.0	0.9618595604502418	1.0	1.0	1.0	1.0	15567175.0	q95	5	q95-5
15	50.0	0.9661786957025124	17.212434289997066	13.0	2.0	2.0	6927408.0	q95	5	q95-5
16	100.0	0.9707973549074704	46.33482467070856	50.0	3.0	3.0	4297485.0	q95	5	q95-5
17	500.0	0.9833331477131736	356.89396307542836	411.0	14.0	12.0	1107501.0	q95	5	q95-5
18	1000.0	0.9877605554371072	786.238285734757	893.0	26.0	23.0	586187.0	q95	5	q95-5
19	5000.0	0.9941563368754768	4453.276110207113	4857.0	122.0	116.0	126598.0	q95	5	q95-5
20	10000.0	0.9953081475313702	9026.000076684764	9835.0	238.0	231.0	65202.0	q95	5	q95-5
21	50000.0	0.9913264225190728	37372.51312896922	49459.5	950.0	984.0	16376.0	q95	5	q95-5
22	100000.0	0.9846917725795266	58466.044723570274	72947.0	1481.0	1505.0	10509.0	q95	5	q95-5
23	500000.0	0.969755799420567	99646.07956015524	19022.5	2517.0	379.0	6184.0	q95	5	q95-5
24	1000000.0	0.968269726096341	105049.56604738368	16503.0	2653.0	319.0	5867.0	q95	5	q95-5
25	5000000.0	0.9681011406227789	105882.4806734238	16248.0	2674.0	311.0	5821.0	q95	5	q95-5
26	100000000.0	0.9681011406227789	105882.4806734238	16248.0	2674.0	311.0	5821.0	q95	5	q95-5
27	500000000.0	0.9681011406227789	105882.4806734238	16248.0	2674.0	311.0	5821.0	q95	5	q95-5
28	1.0	0.9493494278232116	1.0	1.0	1.0	1.0	16617335.0	q95	1	q95-1
29	50.0	0.9553104718901836	17.316750059066113	13.0	2.0	2.0	7335001.0	q95	1	q95-1
30	100.0	0.960473881655175	46.7263506229235	51.0	3.0	3.0	4535870.0	q95	1	q95-1
31	500.0	0.9765355234400798	367.9558415832906	419.0	14.0	13.0	1140915.0	q95	1	q95-1
32	1000.0	0.9828872976762362	812.1212730958645	908.0	27.0	25.0	596373.0	q95	1	q95-1
33	5000.0	0.9921839641159456	4525.964089332211	4884.0	130.0	124.0	127121.0	q95	1	q95-1
34	10000.0	0.9938820707496122	9110.680815278054	9868.0	254.0	247.0	65401.0	q95	1	q95-1
35	50000.0	0.9891126914550428	37429.91941369663	49600.0	1010.0	1039.0	16442.0	q95	1	q95-1
36	100000.0	0.9809841743643576	58417.14222180167	71863.0	1572.0	1593.0	10568.0	q95	1	q95-1
37	500000.0	0.9643464570286824	99183.52316076294	19002.0	2663.0	416.0	6239.0	q95	1	q95-1
38	1000000.0	0.9626010314118456	104507.6408308004	16627.0	2806.0	352.0	5922.0	q95	1	q95-1
39	5000000.0	0.9624031123589532	105328.05888359428	16339.5	2828.0	345.0	5876.0	q95	1	q95-1
40	100000000.0	0.9624031123589532	105328.05888359428	16339.5	2828.0	345.0	5876.0	q95	1	q95-1
41	500000000.0	0.9624031123589532	105328.05888359428	16339.5	2828.0	345.0	5876.0	q95	1	q95-1
42	1.0	0.9612745979980892	1.0	1.0	1.0	1.0	15972450.0	5	5	5-5
43	50.0	0.9657486184088464	17.30109045116001	13.0	2.0	2.0	7081656.0	5	5	5-5
44	100.0	0.9704747318712776	46.566292244487705	51.0	3.0	3.0	4385513.0	5	5	5-5
45	500.0	0.983242056902198	358.2979879679382	412.0	14.0	12.0	1126324.0	5	5	5-5
46	1000.0	0.9878368714554994	789.1919732463942	895.0	26.0	24.0	595359.0	5	5	5-5
47	5000.0	0.994635163074571	4476.345510927809	4860.0	124.0	118.0	128022.0	5	5	5-5
48	10000.0	0.995935736184405	9060.334371108343	9839.0	242.0	235.0	65846.0	5	5	5-5
49	50000.0	0.9925405771244108	36890.89124716011	49439.0	954.0	983.0	16726.0	5	5	5-5
50	100000.0	0.9870334187610604	57059.46742836082	65362.0	1471.0	1451.0	10853.0	5	5	5-5
51	500000.0	0.9759894805122958	95170.31555555556	17128.0	2447.0	405.0	6525.0	5	5	5-5
52	1000000.0	0.974963925740664	100063.18753020784	15396.0	2573.0	361.0	6207.0	5	5	5-5
53	5000000.0	0.9748469185316108	100812.37477682196	15164.0	2592.0	354.0	6161.0	5	5	5-5
54	100000000.0	0.9748469185316108	100812.37477682196	15164.0	2592.0	354.0	6161.0	5	5	5-5
55	500000000.0	0.9748469185316108	100812.37477682196	15164.0	2592.0	354.0	6161.0	5	5	5-5
56	1.0	0.9452512538422588	1.0	1.0	1.0	1.0	17231952.0	1	1	1-1
57	50.0	0.9510544033107587	17.402577321356862	13.0	2.0	2.0	7575074.0	1	1	1-1
58	100.0	0.9561750608306124	46.9273205268731	51.0	3.0	3.0	4677483.0	1	1	1-1
59	500.0	0.9715719526617252	368.3302875884406	420.0	14.0	13.0	1175082.0	1	1	1-1
60	1000.0	0.9773641416760424	811.5079313946565	908.0	28.0	25.0	614646.0	1	1	1-1
61	5000.0	0.9845524665534916	4500.52346617027	4882.0	130.0	124.0	131615.0	1	1	1-1
62	10000.0	0.9856437547273084	9015.931440585762	9864.0	253.0	247.0	68014.0	1	1	1-1
63	50000.0	0.9538593137739136	34134.577467078525	49337.0	933.0	948.0	18453.0	1	1	1-1
64	100000.0	0.926363347219776	50255.8205760662	36795.0	1371.0	979.0	12568.0	1	1	1-1
65	500000.0	0.8920294434562319	76891.87900874636	11170.5	2093.0	254.0	8232.0	1	1	1-1
66	1000000.0	0.8897840900916021	79991.53790750568	10475.5	2177.0	231.0	7914.0	1	1	1-1
67	5000000.0	0.889540825038222	80460.49517031011	10356.5	2190.0	228.0	7868.0	1	1	1-1
68	100000000.0	0.889540825038222	80460.49517031011	10356.5	2190.0	228.0	7868.0	1	1	1-1
69	500000000.0	0.889540825038222	80460.49517031011	10356.5	2190.0	228.0	7868.0	1	1	1-1
70	1.0	0.9639247871681976	1.0	1.0	1.0	1.0	14781208.0	1	10	1-10
71	50.0	0.9679151218926711	17.175047606886693	13.0	2.0	2.0	6594109.0	1	10	1-10
72	100.0	0.972321622724134	46.00224966313543	50.0	3.0	3.0	4103281.0	1	10	1-10
73	500.0	0.9830419381443962	342.4555310160281	398.0	13.0	11.0	1091210.0	1	10	1-10
74	1000.0	0.9864146160992294	751.0063168347472	869.0	25.0	22.0	588111.0	1	10	1-10
75	5000.0	0.9901317510940804	4337.286326367055	4807.0	113.0	106.0	129768.0	1	10	1-10
76	10000.0	0.9904045468740692	8824.258803235783	9772.0	219.0	212.0	67248.0	1	10	1-10
77	50000.0	0.968025624498628	34398.48672959467	48943.0	820.0	847.0	18010.0	1	10	1-10
78	100000.0	0.9477643589399448	51281.590227422545	42749.0	1217.0	959.0	12136.0	1	10	1-10
79	500000.0	0.921528812267438	79950.82819101267	11473.0	1892.0	214.0	7811.0	1	10	1-10
80	1000000.0	0.9197282451245136	83350.77141713371	10450.0	1972.0	186.0	7494.0	1	10	1-10
81	5000000.0	0.9195256809339206	83868.00389366272	10313.0	1984.0	182.0	7448.0	1	10	1-10
82	100000000.0	0.9195256809339206	83868.00389366272	10313.0	1984.0	182.0	7448.0	1	10	1-10
83	500000000.0	0.9195256809339206	83868.00389366272	10313.0	1984.0	182.0	7448.0	1	10	1-10
84	1.0	0.9652289692121816	1.0	1.0	1.0	1.0	14669625.0	10	10	10-10
85	50.0	0.9693499309186752	17.17258966524121	13.0	2.0	2.0	6546684.0	10	10	10-10
86	100.0	0.973795856775202	46.0117399106882	50.0	3.0	3.0	4073370.0	10	10	10-10
87	500.0	0.985141681366286	343.60579835408845	399.0	13.0	11.0	1080617.0	10	10	10-10
88	1000.0	0.989154717590114	755.4572691289924	871.0	25.0	22.0	580833.0	10	10	10-10
89	5000.0	0.9954064403507124	4396.691766228437	4816.0	115.0	108.0	126722.0	10	10	10-10
90	10000.0	0.9966963142241866	8996.713357799856	9787.0	225.0	217.0	65123.0	10	10	10-10
91	50000.0	0.9949238908242242	37750.386885650776	49317.5	905.0	933.0	16196.0	10	10	10-10
92	100000.0	0.9911173194614762	59456.534894976285	76781.0	1419.0	1453.0	10331.0	10	10	10-10
93	500000.0	0.9817278113410544	102564.0381031614	21095.5	2440.0	483.0	6010.0	10	10	10-10
94	1000000.0	0.9806820880054544	108299.11470226594	18383.0	2576.0	408.0	5693.0	10	10	10-10
95	5000000.0	0.9805582712422676	109184.53550557818	18030.0	2597.0	395.0	5647.0	10	10	10-10
96	100000000.0	0.9805582712422676	109184.53550557818	18030.0	2597.0	395.0	5647.0	10	10	10-10
97	500000000.0	0.9805582712422676	109184.53550557818	18030.0	2597.0	395.0	5647.0	10	10	10-10
98	1.0	0.9649661067654692	1.0	1.0	1.0	1.0	14716730.0	5	10	5-10
99	50.0	0.9691048948793765	17.17870783471594	13.0	2.0	2.0	6565739.0	5	10	5-10
100	100.0	0.9735763586413028	46.02378879106164	50.0	3.0	3.0	4084865.0	5	10	5-10
101	500.0	0.9848899196808352	343.34361220072105	399.0	13.0	11.0	1084231.0	5	10	5-10
102	1000.0	0.9888600649665348	754.399432048125	871.0	25.0	22.0	583148.0	5	10	5-10
103	5000.0	0.9950083008507532	4383.642782106963	4814.0	115.0	108.0	127558.0	5	10	5-10
104	10000.0	0.9961840351164531	8955.106940067893	9784.0	224.0	216.0	65691.0	5	10	5-10
105	50000.0	0.9928697541032204	36833.17783644327	49257.0	882.0	911.0	16667.0	5	10	5-10
106	100000.0	0.9875813288074008	57115.558992406	66366.0	1362.0	1350.0	10798.0	5	10	5-10
107	500000.0	0.9769670431599214	95565.22853613342	17004.0	2272.0	368.0	6476.0	5	10	5-10
108	1000000.0	0.9759729409492572	100505.7934729664	15328.0	2389.0	322.0	6159.0	5	10	5-10
109	5000000.0	0.9758570987805372	101265.07345002452	15113.0	2407.0	317.0	6113.0	5	10	5-10
110	100000000.0	0.9758570987805372	101265.07345002452	15113.0	2407.0	317.0	6113.0	5	10	5-10
111	500000000.0	0.9758570987805372	101265.07345002452	15113.0	2407.0	317.0	6113.0	5	10	5-10
112	1.0	0.9639666235348012	1.0	1.0	1.0	1.0	14714277.0	q99	10	q99-10
113	50.0	0.9679388965066122	17.151484618902288	13.0	2.0	2.0	6571215.0	q99	10	q99-10
114	100.0	0.9723328432145466	45.95261117577413	50.0	3.0	3.0	4090437.0	q99	10	q99-10
115	500.0	0.98301751927003	342.18186378222646	398.0	13.0	11.0	1088507.0	q99	10	q99-10
116	1000.0	0.9863743466126436	750.3877257855634	869.0	25.0	22.0	586840.0	q99	10	q99-10
117	5000.0	0.9900399039810396	4332.164323848908	4806.0	113.0	106.0	129616.0	q99	10	q99-10
118	10000.0	0.9903103897316043	8815.395838914188	9771.0	218.0	212.0	67194.0	q99	10	q99-10
119	50000.0	0.9677694438624916	34387.129569952216	48943.0	817.0	845.0	17998.0	q99	10	q99-10
120	100000.0	0.9473366690519962	51277.25575257732	42910.0	1213.0	953.0	12125.0	q99	10	q99-10
121	500000.0	0.9208630489319304	79986.44833333333	11308.5	1886.0	194.0	7800.0	q99	10	q99-10
122	1000000.0	0.9190452778008034	83381.70256547301	10291.5	1966.0	170.0	7484.0	q99	10	q99-10
123	5000000.0	0.9188411658253158	83899.8217262705	10150.0	1978.0	167.0	7438.0	q99	10	q99-10
124	100000000.0	0.9188411658253158	83899.8217262705	10150.0	1978.0	167.0	7438.0	q99	10	q99-10
125	500000000.0	0.9188411658253158	83899.8217262705	10150.0	1978.0	167.0	7438.0	q99	10	q99-10
126	1.0	0.9519527376541508	1.0	1.0	1.0	1.0	15892168.0	q90	1	q90-1
127	50.0	0.957363321430326	17.05529733804819	13.0	2.0	2.0	7080594.0	q90	1	q90-1
128	100.0	0.9621742900260172	45.98159748790384	50.0	3.0	3.0	4404290.0	q90	1	q90-1
129	500.0	0.9774874752381736	364.47891316934704	417.0	14.0	12.0	1117451.0	q90	1	q90-1
130	1000.0	0.9834596848889076	806.5190437538982	904.0	27.0	24.0	585205.0	q90	1	q90-1
131	5000.0	0.992265841716649	4508.7269900149495	4878.0	127.0	120.0	125087.0	q90	1	q90-1
132	10000.0	0.9937083722593376	9093.427425996426	9861.0	246.0	238.0	64355.0	q90	1	q90-1
133	50000.0	0.987561967194832	38349.67195399394	49594.0	1004.0	1034.0	15824.0	q90	1	q90-1
134	100000.0	0.9768613218391514	61131.59544359695	83936.0	1594.0	1675.0	9964.0	q90	1	q90-1
135	500000.0	0.9481583233712052	108250.33746898265	24701.5	2816.0	517.0	5642.0	q90	1	q90-1
136	1000000.0	0.9446120803704277	114712.76338028169	21140.0	2984.0	413.0	5325.0	q90	1	q90-1
137	5000000.0	0.9441922575921506	115716.82705057776	20507.0	3010.0	401.0	5279.0	q90	1	q90-1
138	100000000.0	0.9441922575921506	115716.82705057776	20507.0	3010.0	401.0	5279.0	q90	1	q90-1
139	500000000.0	0.9441922575921506	115716.82705057776	20507.0	3010.0	401.0	5279.0	q90	1	q90-1
140	1.0	0.9631711528815224	1.0	1.0	1.0	1.0	14941208.0	q90	5	q90-5
141	50.0	0.967117089148649	16.963106999928137	12.0	2.0	2.0	6707126.0	q90	5	q90-5
142	100.0	0.9714646211149328	45.63060590793457	49.0	3.0	3.0	4184068.0	q90	5	q90-5
143	500.0	0.9836493169996146	353.91633349899683	408.0	13.0	12.0	1086540.0	q90	5	q90-5
144	1000.0	0.9880411920500116	781.9303023461786	890.0	25.0	23.0	575830.0	q90	5	q90-5
145	5000.0	0.9943761925354272	4442.714845349238	4852.0	119.0	113.0	124571.0	q90	5	q90-5
146	10000.0	0.9954746634268388	9016.156753639452	9829.0	232.0	224.0	64158.0	q90	5	q90-5
147	50000.0	0.9920035786702182	38362.90514009785	49470.0	949.0	980.0	15739.0	q90	5	q90-5
148	100000.0	0.9850293907274202	61337.0598644959	84951.0	1510.0	1597.0	9889.0	q90	5	q90-5
149	500000.0	0.965602941267686	109253.8341113106	25558.0	2682.0	497.0	5570.0	q90	5	q90-5
150	1000000.0	0.9632206961802696	115870.37749857224	21780.0	2844.0	387.0	5253.0	q90	5	q90-5
151	5000000.0	0.9629360721130724	116899.07009794508	21069.0	2869.0	375.0	5207.0	q90	5	q90-5
152	100000000.0	0.9629360721130724	116899.07009794508	21069.0	2869.0	375.0	5207.0	q90	5	q90-5
153	500000000.0	0.9629360721130724	116899.07009794508	21069.0	2869.0	375.0	5207.0	q90	5	q90-5
154	1.0	0.9597987149630876	1.0	1.0	1.0	1.0	15999345.0	q99	5	q99-5
155	50.0	0.9640046189861352	17.27289618899446	13.0	2.0	2.0	7099806.0	q99	5	q99-5
156	100.0	0.9686228797793328	46.486233983971985	51.0	3.0	3.0	4399421.0	q99	5	q99-5
157	500.0	0.9805633381668576	356.9182327667223	411.0	14.0	12.0	1133229.0	q99	5	q99-5
158	1000.0	0.9843735477329332	784.5154897683944	893.0	26.0	23.0	600590.0	q99	5	q99-5
159	5000.0	0.9887745104258662	4420.523997088011	4854.0	122.0	116.0	130495.0	q99	5	q99-5
160	10000.0	0.989234682598242	8915.551399517459	9829.0	236.0	230.0	67559.0	q99	5	q99-5
161	50000.0	0.9658766276649272	34235.746006477464	49144.0	878.0	902.0	18217.0	q99	5	q99-5
162	100000.0	0.9448376578158404	50721.21588330632	39935.0	1296.0	975.0	12340.0	q99	5	q99-5
163	500000.0	0.917518819042244	78364.16643775752	11131.0	1997.0	210.0	8009.0	q99	5	q99-5
164	1000000.0	0.9156920143477084	81607.39833593344	10206.0	2079.0	187.0	7692.0	q99	5	q99-5
165	5000000.0	0.9154912704937792	82100.04499084488	10077.5	2092.0	184.0	7646.0	q99	5	q99-5
166	100000000.0	0.9154912704937792	82100.04499084488	10077.5	2092.0	184.0	7646.0	q99	5	q99-5
167	500000000.0	0.9154912704937792	82100.04499084488	10077.5	2092.0	184.0	7646.0	q99	5	q99-5
168	1.0	0.9665214361958528	1.0	1.0	1.0	1.0	13800468.0	q90	10	q90-10
169	50.0	0.9702127785778536	16.85877924296619	12.0	2.0	2.0	6229233.0	q90	10	q90-10
170	100.0	0.9743512351137352	45.1368058495128	48.0	3.0	3.0	3902684.0	q90	10	q90-10
171	500.0	0.9852252216429882	339.35053283880694	395.0	13.0	11.0	1046658.0	q90	10	q90-10
172	1000.0	0.9890677508482472	747.9241213349825	865.0	24.0	21.0	564322.0	q90	10	q90-10
173	5000.0	0.9949202917211832	4355.299237478035	4805.0	111.0	104.0	124062.0	q90	10	q90-10
174	10000.0	0.9960177289406764	8917.345218369963	9774.0	215.0	207.0	63974.0	q90	10	q90-10
175	50000.0	0.9926663449569046	38323.306686231976	49303.5	880.0	910.0	15674.0	q90	10	q90-10
176	100000.0	0.986319711130894	61480.04518624059	86491.5	1404.0	1478.0	9826.0	q90	10	q90-10
177	500000.0	0.9686865460564762	109999.86924192964	26055.5	2502.0	468.0	5514.0	q90	10	q90-10
178	1000000.0	0.9664860501060334	116716.42458637938	22055.0	2654.0	359.0	5198.0	q90	10	q90-10
179	5000000.0	0.9662187964508084	117764.48447204968	21411.0	2678.0	343.0	5152.0	q90	10	q90-10
180	100000000.0	0.9662187964508084	117764.48447204968	21411.0	2678.0	343.0	5152.0	q90	10	q90-10
181	500000000.0	0.9662187964508084	117764.48447204968	21411.0	2678.0	343.0	5152.0	q90	10	q90-10
182	1.0	0.9453652691182034	1.0	1.0	1.0	1.0	17151694.0	q99	1	q99-1
183	50.0	0.9511228253951188	17.3776921033578	13.0	2.0	2.0	7547955.0	q99	1	q99-1
184	100.0	0.9562148608630918	46.87218894148082	51.0	3.0	3.0	4662523.0	q99	1	q99-1
185	500.0	0.9714958906116932	367.9797878810885	420.0	14.0	13.0	1172267.0	q99	1	q99-1
186	1000.0	0.9772291771778198	810.6822003919024	908.0	27.0	25.0	613418.0	q99	1	q99-1
187	5000.0	0.9843340172883934	4494.86353749981	4882.0	130.0	124.0	131494.0	q99	1	q99-1
188	10000.0	0.9854240816000732	9006.836452172889	9863.0	252.0	246.0	67974.0	q99	1	q99-1
189	50000.0	0.9534377694591544	34119.881058224004	49334.0	929.0	944.0	18446.0	q99	1	q99-1
190	100000.0	0.9257009442910732	50243.63482206831	36865.0	1365.0	957.0	12561.0	q99	1	q99-1
191	500000.0	0.8910575637256751	76897.54176291793	11073.0	2085.0	238.0	8225.0	q99	1	q99-1
192	1000000.0	0.8887930881328907	79990.00594334851	10374.5	2168.0	217.0	7908.0	q99	1	q99-1
193	5000000.0	0.8885476902195668	80459.31213431696	10241.5	2181.0	214.0	7862.0	q99	1	q99-1
194	100000000.0	0.8885476902195668	80459.31213431696	10241.5	2181.0	214.0	7862.0	q99	1	q99-1
195	500000000.0	0.8885476902195668	80459.31213431696	10241.5	2181.0	214.0	7862.0	q99	1	q99-1
196	1.0	0.9491346606763184	1.0	1.0	1.0	1.0	16973996.0	10	1	10-1
197	50.0	0.9553149150548628	17.399592122599934	13.0	2.0	2.0	7468911.0	10	1	10-1
198	100.0	0.9606131718047736	46.952447939202486	51.0	3.0	3.0	4610715.0	10	1	10-1
199	500.0	0.9771311088909518	369.82663116191463	421.0	14.0	13.0	1154775.0	10	1	10-1
200	1000.0	0.9838255588542296	816.7895862425095	910.0	28.0	25.0	602261.0	10	1	10-1
201	5000.0	0.9939022227178484	4563.360016004895	4887.0	133.0	126.0	127461.0	10	1	10-1
202	10000.0	0.9956714418849189	9186.122946054282	9873.0	259.0	252.0	65362.0	10	1	10-1
203	50000.0	0.9933404784471036	37907.1234097474	49627.0	1043.0	1065.0	16271.0	10	1	10-1
204	100000.0	0.9889355797340096	59511.78978256686	75787.5	1633.0	1663.0	10394.0	10	1	10-1
205	500000.0	0.9786487436310164	102234.43453166226	21104.5	2799.0	572.0	6064.0	10	1	10-1
206	1000000.0	0.9774638949891652	107906.5147928994	18518.5	2954.0	494.0	5746.0	10	1	10-1
207	5000000.0	0.9773267903206304	108779.11912280702	18281.5	2977.0	479.0	5700.0	10	1	10-1
208	100000000.0	0.9773267903206304	108779.11912280702	18281.5	2977.0	479.0	5700.0	10	1	10-1
209	500000000.0	0.9773267903206304	108779.11912280702	18281.5	2977.0	479.0	5700.0	10	1	10-1
210	1.0	0.948246593556819	1.0	1.0	1.0	1.0	17071232.0	5	1	5-1
211	50.0	0.95448238647819	17.411219500367302	14.0	2.0	2.0	7506074.0	5	1	5-1
212	100.0	0.9598266294657076	46.97628741232809	51.0	3.0	3.0	4632898.0	5	1	5-1
213	500.0	0.976432397162802	369.64564187084784	421.0	14.0	13.0	1160693.0	5	1	5-1
214	1000.0	0.9831655985384368	815.9549098378385	909.0	28.0	25.0	605631.0	5	1	5-1
215	5000.0	0.9932227345610086	4551.718044322666	4887.0	132.0	126.0	128467.0	5	1	5-1
216	10000.0	0.994879345418662	9146.19253726821	9871.0	258.0	251.0	66008.0	5	1	5-1
217	50000.0	0.9898457165017056	36937.68052659797	49591.0	1016.0	1038.0	16787.0	5	1	5-1
218	100000.0	0.98278379079401	57011.651141468785	64599.0	1565.0	1536.0	10907.0	5	1	5-1
219	500000.0	0.9698884930351036	94784.45019011408	17160.0	2596.0	450.0	6575.0	5	1	5-1
220	1000000.0	0.9686289195364032	99614.34856960204	15484.0	2728.0	402.0	6257.0	5	1	5-1
221	5000000.0	0.968485467154804	100353.74722266944	15296.0	2748.0	393.0	6211.0	5	1	5-1
222	100000000.0	0.968485467154804	100353.74722266944	15296.0	2748.0	393.0	6211.0	5	1	5-1
223	500000000.0	0.968485467154804	100353.74722266944	15296.0	2748.0	393.0	6211.0	5	1	5-1
224	1.0	0.9597433559364166	1.0	1.0	1.0	1.0	16071990.0	1	5	1-5
225	50.0	0.96397293581289	17.296535419056895	13.0	2.0	2.0	7124498.0	1	5	1-5
226	100.0	0.9686042471335377	46.53665756064313	51.0	3.0	3.0	4413196.0	1	5	1-5
227	500.0	0.9805947411826748	357.207336900787	411.0	14.0	12.0	1136011.0	1	5	1-5
228	1000.0	0.9844471480236286	785.2114818734807	893.0	26.0	23.0	601853.0	1	5	1-5
229	5000.0	0.9888962612884534	4425.71227140856	4855.0	123.0	116.0	130637.0	1	5	1-5
230	10000.0	0.9893681662482764	8924.334649745591	9829.0	237.0	231.0	67608.0	1	5	1-5
231	50000.0	0.9662805463417709	34250.764292768574	49145.0	881.0	907.0	18226.0	1	5	1-5
232	100000.0	0.9453806839981024	50730.94768807191	39843.0	1301.0	984.0	12349.0	1	5	1-5
233	500000.0	0.91835729480674	78346.42791219756	11284.0	2004.0	226.0	8018.0	1	5	1-5
234	1000000.0	0.9165503119284666	81595.78636363636	10390.0	2087.0	202.0	7700.0	1	5	1-5
235	5000000.0	0.916351628876364	82087.84831460674	10222.5	2099.0	198.0	7654.0	1	5	1-5
236	100000000.0	0.916351628876364	82087.84831460674	10222.5	2099.0	198.0	7654.0	1	5	1-5
237	500000000.0	0.916351628876364	82087.84831460674	10222.5	2099.0	198.0	7654.0	1	5	1-5
238	1.0	0.9616296268812644	1.0	1.0	1.0	1.0	15906125.0	10	5	10-5
239	50.0	0.9660855384908013	17.29236229257361	13.0	2.0	2.0	7055756.0	10	5	10-5
240	100.0	0.9707813460395356	46.54835534084023	51.0	3.0	3.0	4370024.0	10	5	10-5
241	500.0	0.9835660859410676	358.53593532025656	412.0	14.0	12.0	1121835.0	10	5	10-5
242	1000.0	0.9881987725957714	790.2685720649953	895.0	26.0	24.0	592597.0	10	5	10-5
243	5000.0	0.9950873687925096	4488.774488672121	4861.0	125.0	118.0	127120.0	10	5	10-5
244	10000.0	0.9964166982209252	9101.33507540461	9841.0	243.0	236.0	65248.0	10	5	10-5
245	50000.0	0.994800974517008	37819.17992610837	49494.0	979.0	1007.0	16240.0	10	5	10-5
246	100000.0	0.9909470773124524	59443.02275795564	76021.5	1533.0	1565.0	10370.0	10	5	10-5
247	500000.0	0.9813860068019148	102292.48700976335	21065.0	2632.0	520.0	6043.0	10	5	10-5
248	1000000.0	0.9803354907073492	107993.26043668122	18486.0	2778.0	444.0	5725.0	10	5	10-5
249	5000000.0	0.980213894202874	108870.26800493045	18068.0	2800.0	432.0	5679.0	10	5	10-5
250	100000000.0	0.980213894202874	108870.26800493045	18068.0	2800.0	432.0	5679.0	10	5	10-5
251	500000000.0	0.980213894202874	108870.26800493045	18068.0	2800.0	432.0	5679.0	10	5	10-5
